0 0 1 0 0 0 
0 0 1 0 0 0 
0 0 0 0 0 0 
0 0 0 0 0 0 
0 0 0 0 0 0 
0 0 1 0 1 0 
Female Dom Pairs: -1 -1 5 -1 5 -1 
unstable pairs: 
0 0 1 0 0 0 
0 0 1 0 0 0 
0 0 0 0 0 0 
0 0 0 0 0 0 
0 0 0 0 0 0 
0 0 1 0 1 0 

female male dom pairs: -1 -1 -1 -1 -1 4 
Nm2 gen matrix: 
0 0 0 0 0 0 
0 0 0 0 0 0 
0 0 0 0 0 0 
0 0 0 0 0 0 
0 0 0 1 0 0 
0 0 0 0 0 0 
Matching Matrix: 
1 0 0 0 0 0 
0 1 0 0 0 0 
0 0 0 0 0 1 
0 0 1 0 0 0 
0 0 0 1 0 0 
0 0 0 0 1 0 

0 0 1 0 0 0 
0 0 1 1 0 0 
0 0 0 0 0 0 
0 0 0 0 0 0 
0 0 1 0 0 0 
0 0 0 0 0 0 
Female Dom Pairs: -1 -1 0 1 -1 -1 
unstable pairs: 
0 0 1 0 0 0 
0 0 1 1 0 0 
0 0 0 0 0 0 
0 0 0 0 0 0 
0 0 1 0 0 0 
0 0 0 0 0 0 

female male dom pairs: 2 3 -1 -1 -1 -1 
Nm2 gen matrix: 
0 0 0 0 0 0 
0 0 0 0 0 0 
0 0 0 0 0 0 
1 0 0 0 0 0 
0 1 0 0 0 0 
0 0 0 0 0 0 
Matching Matrix: 
0 0 1 0 0 0 
0 0 0 1 0 0 
0 0 0 0 0 1 
1 0 0 0 0 0 
0 1 0 0 0 0 
0 0 0 0 1 0 

0 0 0 0 0 0 
0 0 0 0 0 0 
0 0 0 0 0 0 
0 0 0 0 0 0 
0 0 0 0 0 0 
1 0 0 0 0 0 
Female Dom Pairs: 5 -1 -1 -1 -1 -1 
unstable pairs: 
0 0 0 0 0 0 
0 0 0 0 0 0 
0 0 0 0 0 0 
0 0 0 0 0 0 
0 0 0 0 0 0 
1 0 0 0 0 0 

female male dom pairs: -1 -1 -1 -1 -1 0 
Nm2 gen matrix: 
0 0 0 0 0 0 
0 0 0 0 0 0 
0 0 0 0 0 0 
0 0 0 0 1 0 
0 0 0 0 0 0 
0 0 0 0 0 0 
Matching Matrix: 
0 0 1 0 0 0 
0 0 0 1 0 0 
0 0 0 0 0 1 
0 0 0 0 1 0 
0 1 0 0 0 0 
1 0 0 0 0 0 

0 0 0 0 0 0 
0 0 0 0 0 0 
0 0 0 0 0 0 
0 0 0 0 0 0 
0 0 0 0 1 0 
0 0 0 0 0 0 
Female Dom Pairs: -1 -1 -1 -1 4 -1 
unstable pairs: 
0 0 0 0 0 0 
0 0 0 0 0 0 
0 0 0 0 0 0 
0 0 0 0 0 0 
0 0 0 0 1 0 
0 0 0 0 0 0 

female male dom pairs: -1 -1 -1 -1 4 -1 
Nm2 gen matrix: 
0 0 0 0 0 0 
0 0 0 0 0 0 
0 0 0 0 0 0 
0 1 0 0 0 0 
0 0 0 0 0 0 
0 0 0 0 0 0 
Matching Matrix: 
0 0 1 0 0 0 
0 0 0 1 0 0 
0 0 0 0 0 1 
0 1 0 0 0 0 
0 0 0 0 1 0 
1 0 0 0 0 0 

0 0 0 0 0 0 
0 0 0 0 0 0 
0 0 0 0 0 0 
0 0 0 0 0 0 
0 0 0 0 0 0 
0 0 0 0 0 0 
StepsF: 4
