N=3
Iterations: 4
3,2 2,1 1,3 
3,1 1,3 2,1 
2,3 1,2 3,2 
Iterations: 4
3,1 1,2 2,1 
3,3 2,3 1,2 
3,2 2,1 1,3 
Iterations: 4
3,1 2,1 1,3 
2,3 1,2 3,2 
3,2 1,3 2,1 
Iterations: 4
2,1 1,2 3,2 
3,2 2,1 1,3 
3,3 1,3 2,1 


N=4

Iterations: 5
4,4 1,4 3,1 2,2 
2,3 1,3 3,4 4,3 
2,2 1,2 3,3 4,1 
3,1 2,1 4,2 1,4 
Iterations: 6
4,1 3,2 2,3 1,4 
4,3 1,3 2,1 3,1 
4,2 2,1 1,2 3,3 
4,4 1,4 3,4 2,2 
Iterations: 5
1,4 2,4 3,2 4,4 
2,3 1,2 4,4 3,2 
4,2 2,1 1,3 3,1 
4,1 1,3 2,1 3,3 
Iterations: 5
4,4 1,4 3,1 2,2 
2,3 1,3 3,4 4,3 
2,2 1,2 3,3 4,1 
3,1 2,1 4,2 1,4 
4 3 1 2 
Iterations: 6
4,1 3,2 2,3 1,4 
4,3 1,3 2,1 3,1 
4,2 2,1 1,2 3,3 
4,4 1,4 3,4 2,2 
1 3 2 4 
Iterations: 5
1,4 2,4 3,2 4,4 
2,3 1,2 4,4 3,2 
4,2 2,1 1,3 3,1 
4,1 1,3 2,1 3,3 
4 1 2 3

n=5
Iterations: 6
1,1 5,4 4,5 2,4 3,5 
4,4 3,3 1,3 2,5 5,3 
3,3 1,5 4,2 2,1 5,1 
1,5 3,2 5,4 2,3 4,2 
1,2 4,1 2,1 3,2 5,4 
1 5 4 2 3 

int preferences[2*N][N];/*={
        {1,4,3,2,6,5},
        {6,1,4,2,5,3},
        {3,4,2,5,1,6},
        {5,2,1,6,3,4},
        {3,6,4,1,2,5},
        {6,3,2,1,5,4},
        {5,6,1,3,4,2},
        {5,6,4,1,3,2},
        {3,5,4,2,6,1},
        {4,1,2,3,6,5},
        {2,1,3,5,4,6},
        {3,2,5,6,1,4},
    };*/