
unstable:
1 1 1 1 1 1 1 
1 1 1 1 1 1 1 
1 1 1 1 1 1 1 
1 1 1 1 1 1 1 
1 1 1 1 1 1 1 
1 1 1 1 1 1 1 
1 1 1 1 1 1 1 


unstable:
0 2 0 0 0 0 0 
0 0 0 0 2 0 0 
2 0 0 0 0 0 0 
0 0 0 0 0 2 0 
0 0 0 0 0 0 2 
0 0 2 0 0 0 0 
0 1 1 1 1 1 0 


unstable:
0 2 0 0 0 0 0 
1 1 1 1 0 0 1 
2 0 0 0 0 0 0 
0 0 0 0 0 2 0 
0 0 0 0 0 0 2 
0 0 2 0 0 0 0 
0 0 0 0 2 0 0 


unstable:
1 0 1 1 0 1 1 
0 2 0 0 0 0 0 
2 0 0 0 0 0 0 
0 0 0 0 0 2 0 
0 0 0 0 0 0 2 
0 0 2 0 0 0 0 
0 0 0 0 2 0 0 


unstable:
0 0 0 0 0 2 0 
0 2 0 0 0 0 0 
2 0 0 0 0 0 0 
1 0 1 1 0 0 1 
0 0 0 0 0 0 2 
0 0 2 0 0 0 0 
0 0 0 0 2 0 0 


unstable:
0 0 0 0 0 2 0 
0 2 0 0 0 0 0 
2 0 0 0 0 0 0 
0 0 0 0 0 0 2 
1 0 0 1 1 1 0 
0 0 2 0 0 0 0 
0 0 0 0 2 0 0 


unstable:
0 0 0 0 0 2 0 
0 2 0 0 0 0 0 
0 0 1 1 0 1 1 
0 0 0 0 0 0 2 
2 0 0 0 0 0 0 
0 0 2 0 0 0 0 
0 0 0 0 2 0 0 


unstable:
0 0 1 1 0 0 1 
0 2 0 0 0 0 0 
0 0 0 0 0 2 0 
0 0 0 0 0 0 2 
2 0 0 0 0 0 0 
0 0 2 0 0 0 0 
0 0 0 0 2 0 0 


unstable:
0 0 0 0 0 0 2 
0 2 0 0 0 0 0 
0 0 0 0 0 2 0 
1 0 1 1 0 0 0 
2 0 0 0 0 0 0 
0 0 2 0 0 0 0 
0 0 0 0 2 0 0 


unstable:
0 0 0 0 0 0 2 
0 2 0 0 0 0 0 
0 0 0 0 0 2 0 
2 0 0 0 0 0 0 
0 0 0 1 1 1 0 
0 0 2 0 0 0 0 
0 0 0 0 2 0 0 


unstable:
0 0 0 0 0 0 2 
0 2 0 0 0 0 0 
0 0 0 0 0 2 0 
2 0 0 0 0 0 0 
0 0 0 0 2 0 0 
0 0 2 0 0 0 0 
0 1 1 1 0 0 0 


unstable:
0 0 0 0 0 0 2 
0 0 1 1 0 0 1 
0 0 0 0 0 2 0 
2 0 0 0 0 0 0 
0 0 0 0 2 0 0 
0 0 2 0 0 0 0 
0 2 0 0 0 0 0 


unstable:
0 0 0 0 0 0 2 
0 0 2 0 0 0 0 
0 0 0 0 0 2 0 
2 0 0 0 0 0 0 
0 0 0 0 2 0 0 
1 0 0 1 0 0 0 
0 2 0 0 0 0 0 


unstable:
0 0 0 0 0 0 2 
0 0 2 0 0 0 0 
0 0 0 0 0 2 0 
0 0 1 1 0 0 0 
0 0 0 0 2 0 0 
2 0 0 0 0 0 0 
0 2 0 0 0 0 0 


unstable:
0 0 0 0 0 0 2 
0 0 0 1 0 0 1 
0 0 0 0 0 2 0 
0 0 2 0 0 0 0 
0 0 0 0 2 0 0 
2 0 0 0 0 0 0 
0 2 0 0 0 0 0 


unstable:
0 0 0 0 0 0 2 
0 0 0 2 0 0 0 
0 0 0 0 0 2 0 
0 0 2 0 0 0 0 
0 0 0 0 2 0 0 
2 0 0 0 0 0 0 
0 2 0 0 0 0 0 


4,4 1,6 6,1 7,1 3,6 2,3 5,3 
7,5 2,2 4,5 5,6 1,5 3,7 6,2 
1,6 7,7 3,3 5,2 6,3 2,2 4,1 
4,2 6,5 5,2 7,3 2,4 1,6 3,5 
2,3 7,4 3,7 6,4 4,1 5,1 1,6 
6,1 3,3 1,6 7,5 4,7 2,4 5,4 
1,7 3,1 7,4 6,7 2,2 4,5 5,7 
